as_of_date,total_staff_cases,staff_recovered,total_staff_deaths,total_prisoner_cases,prisoners_recovered,total_prisoner_deaths
2020-03-26,4.0,,0.0,0.0,,0.0
2020-04-01,26.0,,0.0,0.0,,0.0
2020-04-08,110.0,,,18.0,,0.0
2020-04-15,266.0,,1.0,50.0,,5.0
2020-04-22,427.0,,2.0,101.0,,16.0
2020-04-29,518.0,,2.0,153.0,,29.0
2020-05-06,575.0,,2.0,215.0,,38.0
2020-05-13,599.0,,3.0,538.0,,42.0
2020-05-20,681.0,,3.0,830.0,,43.0
2020-05-27,743.0,,3.0,1592.0,,43.0
2020-06-02,767.0,,3.0,2062.0,,46.0
2020-06-09,778.0,,3.0,2451.0,,46.0
2020-06-16,781.0,640.0,3.0,2655.0,,46.0
2020-06-25,781.0,,,2756.0,,46.0
2020-06-30,781.0,725.0,3.0,2821.0,,46.0
2020-07-09,781.0,762.0,,2869.0,,46.0
2020-07-14,781.0,762.0,,2892.0,,49.0
2020-07-21,781.0,,,2892.0,,49.0
2020-07-28,781.0,,,2892.0,,49.0
2020-08-04,781.0,,,2960.0,,49.0
2020-08-11,971.0,895.0,,3023.0,,49.0
2020-08-18,981.0,920.0,,3119.0,,49.0
2020-08-25,1000.0,935.0,,3008.0,,49.0
2020-09-01,1000.0,948.0,,3008.0,,49.0
2020-09-08,1000.0,,,3009.0,,49.0
2020-09-14,1011.0,967.0,,3010.0,,49.0
2020-09-22,1014.0,,,3020.0,,49.0
2020-09-29,1020.0,,,3023.0,,49.0
2020-10-06,1033.0,,,3030.0,,52.0
2020-10-13,1033.0,1003.0,,3030.0,,52.0
2020-10-20,1059.0,,,3050.0,,52.0
2020-10-26,1059.0,,,3052.0,,52.0
2020-11-03,1059.0,,,3052.0,,52.0
2020-11-10,1112.0,,,3114.0,,52.0
2020-11-17,1182.0,,,3144.0,,52.0
2020-11-24,1182.0,,,3144.0,,52.0
2020-12-01,1307.0,1189.0,,3310.0,,52.0
2020-12-08,1401.0,,,3393.0,,52.0
2020-12-15,1487.0,,,3557.0,,52.0
2020-12-22,1487.0,,,3557.0,,52.0
2020-12-29,1674.0,,,3620.0,,52.0
2021-01-05,1674.0,,,3620.0,,52.0
2021-01-12,1674.0,,,3620.0,,52.0
2021-01-19,1933.0,,,3956.0,,52.0
2021-01-26,2007.0,,,4283.0,,52.0
2021-02-02,2007.0,,,4283.0,,52.0
2021-02-09,2007.0,,,4283.0,,52.0
2021-02-16,2076.0,,,4345.0,,53.0
2021-02-23,2076.0,,,4345.0,,53.0
2021-03-02,2227.0,,,4556.0,,53.0
2021-03-09,2255.0,,,4684.0,,53.0
2021-03-16,2255.0,,,4684.0,,53.0
2021-03-23,2255.0,,,4684.0,,53.0
2021-03-30,2255.0,,,4684.0,,53.0
2021-04-06,2255.0,,,4684.0,,53.0
2021-04-13,2255.0,,,4684.0,,53.0
